Macierz sąsiedztwa przedstawiajaca dzialy w firmie (rozmieszczenie przestrzenne):
[0. 0. 0. 0. 1. 0. 0. 1. 0. 1. 0. 1. 1. 0. 1. 0. 0. 0. 0. 1. 1. 1. 0. 0. 0. 0. 0. 1. 1. 0. 1. 1. 1. 1. 0. 0. 1. 1. 0. 1. 0. 0. 0. 0. 1. 1. 0. 1. 0. 0.]
[0. 0. 1. 0. 0. 0. 0. 1. 0. 1. 0. 0. 1. 0. 0. 0. 0. 0. 1. 1. 1. 1. 0. 1. 0. 0. 1. 0. 0. 1. 1. 1. 1. 1. 0. 0. 0. 1. 0. 1. 0. 0. 0. 1. 0. 0. 0. 0. 0. 1.]
[0. 1. 0. 1. 0. 1. 0. 0. 0. 1. 1. 1. 0. 0. 1. 1. 1. 1. 0. 0. 1. 0. 0. 0. 0. 0. 0. 1. 0. 0. 1. 0. 0. 1. 0. 1. 0. 1. 1. 0. 0. 0. 1. 1. 1. 0. 1. 0. 1. 1.]
[0. 0. 1. 0. 0. 0. 1. 0. 0. 0. 1. 0. 0. 1. 1. 1. 1. 1. 1. 1. 1. 1. 0. 1. 0. 1. 0. 1. 1. 0. 1. 0. 0. 0. 1. 1. 0. 1. 0. 0. 1. 0. 0. 1. 1. 0. 1. 1. 0. 1.]
[1. 0. 0. 0. 0. 1. 0. 0. 0. 1. 1. 1. 0. 1. 1. 1. 0. 1. 1. 0. 0. 1. 0. 1. 1. 1. 0. 0. 1. 0. 1. 1. 1. 0. 0. 0. 1. 1. 1. 0. 0. 0. 1. 1. 1. 1. 0. 0. 0. 1.]
[0. 0. 1. 0. 1. 0. 0. 1. 1. 1. 0. 0. 1. 1. 0. 0. 0. 1. 0. 0. 1. 0. 1. 0. 1. 0. 1. 0. 1. 0. 1. 0. 0. 0. 0. 1. 0. 1. 1. 1. 1. 1. 1. 1. 0. 1. 1. 1. 0. 1.]
[0. 0. 0. 1. 0. 0. 0. 0. 1. 1. 0. 1. 1. 1. 0. 1. 0. 0. 0. 1. 0. 0. 0. 0. 1. 0. 0. 0. 0. 1. 1. 0. 1. 0. 0. 0. 1. 1. 0. 1. 0. 0. 0. 0. 0. 1. 1. 0. 0. 1.]
[1. 1. 0. 0. 0. 1. 0. 0. 0. 0. 0. 1. 0. 0. 0. 1. 1. 1. 1. 0. 1. 1. 1. 0. 0. 1. 0. 1. 0. 1. 0. 1. 1. 1. 0. 0. 1. 0. 0. 1. 1. 1. 0. 1. 1. 0. 0. 1. 0. 1.]
[0. 0. 0. 0. 0. 1. 1. 0. 0. 1. 1. 1. 0. 0. 0. 0. 1. 0. 1. 0. 0. 0. 0. 1. 0. 1. 1. 1. 1. 0. 1. 1. 0. 0. 1. 0. 0. 0. 1. 1. 0. 1. 1. 0. 0. 0. 1. 1. 0. 0.]
[1. 1. 1. 0. 1. 1. 1. 0. 1. 0. 0. 1. 0. 1. 1. 1. 0. 1. 0. 0. 0. 0. 1. 1. 0. 1. 0. 0. 0. 1. 1. 0. 1. 0. 1. 1. 0. 1. 0. 0. 1. 1. 1. 1. 0. 1. 1. 1. 1. 0.]
[0. 0. 1. 1. 1. 0. 0. 0. 1. 0. 0. 0. 1. 1. 1. 0. 0. 0. 1. 1. 1. 0. 0. 1. 1. 0. 1. 1. 1. 1. 1. 1. 1. 0. 0. 1. 1. 1. 1. 1. 1. 0. 1. 1. 1. 1. 0. 0. 0. 0.]
[1. 0. 1. 0. 1. 0. 1. 1. 1. 1. 0. 0. 1. 1. 1. 0. 0. 1. 0. 1. 0. 1. 1. 1. 1. 1. 1. 1. 0. 0. 0. 1. 0. 1. 0. 1. 1. 0. 1. 1. 1. 1. 0. 0. 1. 0. 0. 1. 1. 1.]
[1. 1. 0. 0. 0. 1. 1. 0. 0. 0. 1. 1. 0. 1. 0. 1. 1. 1. 0. 0. 1. 1. 0. 0. 1. 0. 1. 0. 0. 0. 1. 1. 1. 1. 1. 0. 0. 0. 1. 0. 1. 1. 1. 0. 1. 1. 0. 1. 0. 0.]
[0. 0. 0. 1. 1. 1. 1. 0. 0. 1. 1. 1. 1. 0. 1. 0. 1. 0. 0. 1. 0. 0. 1. 1. 1. 1. 0. 0. 1. 1. 1. 0. 0. 0. 0. 0. 1. 0. 1. 0. 1. 1. 1. 1. 1. 0. 0. 0. 1. 1.]
[1. 0. 1. 1. 1. 0. 0. 0. 0. 1. 1. 1. 0. 1. 0. 0. 0. 0. 1. 0. 0. 0. 0. 0. 1. 0. 1. 0. 1. 0. 1. 0. 0. 0. 1. 0. 1. 1. 0. 1. 0. 1. 1. 0. 0. 0. 0. 0. 1. 1.]
[0. 0. 1. 1. 1. 0. 1. 1. 0. 1. 0. 0. 1. 0. 0. 0. 1. 1. 1. 1. 0. 0. 0. 1. 0. 1. 1. 1. 0. 1. 1. 0. 1. 0. 0. 0. 1. 0. 0. 0. 1. 1. 0. 1. 1. 1. 1. 0. 1. 0.]
[0. 0. 1. 1. 0. 0. 0. 1. 1. 0. 0. 0. 1. 1. 0. 1. 0. 0. 0. 1. 0. 0. 0. 1. 1. 0. 0. 0. 0. 1. 1. 0. 0. 1. 0. 1. 0. 0. 0. 0. 1. 0. 1. 0. 0. 1. 0. 0. 0. 1.]
[0. 0. 1. 1. 1. 1. 0. 1. 0. 1. 0. 1. 1. 0. 0. 1. 0. 0. 1. 0. 1. 0. 1. 0. 1. 0. 1. 1. 1. 0. 0. 0. 1. 0. 1. 0. 1. 1. 0. 1. 0. 0. 1. 0. 0. 1. 0. 0. 0. 1.]
[0. 1. 0. 1. 1. 0. 0. 1. 1. 0. 1. 0. 0. 0. 1. 1. 0. 1. 0. 0. 0. 1. 1. 0. 0. 1. 1. 1. 0. 0. 0. 1. 0. 0. 0. 0. 1. 0. 1. 0. 1. 1. 1. 1. 1. 1. 0. 1. 0. 0.]
[1. 1. 0. 1. 0. 0. 1. 0. 0. 0. 1. 1. 0. 1. 0. 1. 1. 0. 0. 0. 0. 1. 0. 1. 1. 0. 0. 1. 0. 0. 1. 1. 1. 1. 1. 1. 0. 1. 0. 1. 1. 0. 1. 0. 0. 1. 1. 0. 0. 1.]
[1. 1. 1. 1. 0. 1. 0. 1. 0. 0. 1. 0. 1. 0. 0. 0. 0. 1. 0. 0. 0. 0. 1. 1. 1. 0. 1. 1. 1. 0. 1. 1. 0. 1. 0. 0. 0. 1. 0. 0. 0. 0. 0. 1. 0. 0. 1. 0. 0. 1.]
[1. 1. 0. 1. 1. 0. 0. 1. 0. 0. 0. 1. 1. 0. 0. 0. 0. 0. 1. 1. 0. 0. 1. 0. 1. 0. 0. 1. 1. 0. 0. 1. 0. 0. 1. 1. 0. 1. 0. 0. 0. 0. 1. 1. 1. 0. 1. 0. 0. 0.]
[0. 0. 0. 0. 0. 1. 0. 1. 0. 1. 0. 1. 0. 1. 0. 0. 0. 1. 1. 0. 1. 1. 0. 0. 1. 0. 0. 1. 1. 0. 0. 1. 1. 0. 0. 0. 0. 1. 0. 0. 1. 0. 1. 1. 1. 1. 1. 1. 0. 1.]
[0. 1. 0. 1. 1. 0. 0. 0. 1. 1. 1. 1. 0. 1. 0. 1. 1. 0. 0. 1. 1. 0. 0. 0. 0. 0. 1. 0. 1. 0. 1. 0. 0. 1. 1. 1. 0. 1. 0. 1. 0. 0. 1. 1. 1. 1. 0. 1. 1. 0.]
[0. 0. 0. 0. 1. 1. 1. 0. 0. 0. 1. 1. 1. 1. 1. 0. 1. 1. 0. 1. 1. 1. 1. 0. 0. 0. 0. 1. 1. 1. 1. 1. 1. 0. 1. 0. 0. 0. 1. 1. 1. 0. 1. 0. 0. 1. 1. 1. 0. 1.]
[0. 0. 0. 1. 1. 0. 0. 1. 1. 1. 0. 1. 0. 1. 0. 1. 0. 0. 1. 0. 0. 0. 0. 0. 0. 0. 1. 1. 1. 1. 1. 1. 0. 0. 0. 1. 1. 1. 1. 0. 1. 0. 0. 1. 1. 0. 0. 1. 0. 0.]
[0. 1. 0. 0. 0. 1. 0. 0. 1. 0. 1. 1. 1. 0. 1. 1. 0. 1. 1. 0. 1. 0. 0. 1. 0. 1. 0. 1. 0. 0. 0. 0. 1. 1. 1. 0. 1. 0. 0. 1. 0. 0. 0. 0. 1. 0. 0. 1. 0. 0.]
[1. 0. 1. 1. 0. 0. 0. 1. 1. 0. 1. 1. 0. 0. 0. 1. 0. 1. 1. 1. 1. 1. 1. 0. 1. 1. 1. 0. 1. 1. 1. 0. 1. 0. 0. 1. 0. 0. 1. 1. 1. 0. 1. 1. 0. 1. 1. 0. 0. 0.]
[1. 0. 0. 1. 1. 1. 0. 0. 1. 0. 1. 0. 0. 1. 1. 0. 0. 1. 0. 0. 1. 1. 1. 1. 1. 1. 0. 1. 0. 0. 1. 0. 1. 1. 0. 1. 1. 1. 1. 0. 1. 1. 0. 0. 0. 1. 0. 1. 0. 0.]
[0. 1. 0. 0. 0. 0. 1. 1. 0. 1. 1. 0. 0. 1. 0. 1. 1. 0. 0. 0. 0. 0. 0. 0. 1. 1. 0. 1. 0. 0. 0. 1. 1. 1. 1. 1. 1. 0. 0. 0. 0. 1. 1. 0. 0. 0. 0. 0. 1. 0.]
[1. 1. 1. 1. 1. 1. 1. 0. 1. 1. 1. 0. 1. 1. 1. 1. 1. 0. 0. 1. 1. 0. 0. 1. 1. 1. 0. 1. 1. 0. 0. 1. 0. 1. 1. 0. 0. 1. 1. 1. 1. 1. 1. 1. 1. 0. 0. 1. 0. 0.]
[1. 1. 0. 0. 1. 0. 0. 1. 1. 0. 1. 1. 1. 0. 0. 0. 0. 0. 1. 1. 1. 1. 1. 0. 1. 1. 0. 0. 0. 1. 1. 0. 0. 1. 0. 1. 0. 1. 1. 1. 1. 1. 0. 1. 0. 1. 0. 0. 1. 1.]
[1. 1. 0. 0. 1. 0. 1. 1. 0. 1. 1. 0. 1. 0. 0. 1. 0. 1. 0. 1. 0. 0. 1. 0. 1. 0. 1. 1. 1. 1. 0. 0. 0. 0. 1. 0. 0. 1. 1. 0. 1. 1. 0. 0. 1. 0. 0. 1. 1. 0.]
[1. 1. 1. 0. 0. 0. 0. 1. 0. 0. 0. 1. 1. 0. 0. 0. 1. 0. 0. 1. 1. 0. 0. 1. 0. 0. 1. 0. 1. 1. 1. 1. 0. 0. 0. 0. 0. 0. 1. 1. 1. 0. 0. 0. 1. 1. 1. 0. 1. 1.]
[0. 0. 0. 1. 0. 0. 0. 0. 1. 1. 0. 0. 1. 0. 1. 0. 0. 1. 0. 1. 0. 1. 0. 1. 1. 0. 1. 0. 0. 1. 1. 0. 1. 0. 0. 0. 1. 1. 0. 1. 0. 0. 0. 0. 1. 0. 1. 1. 0. 1.]
[0. 0. 1. 1. 0. 1. 0. 0. 0. 1. 1. 1. 0. 0. 0. 0. 1. 0. 0. 1. 0. 1. 0. 1. 0. 1. 0. 1. 1. 1. 0. 1. 0. 0. 0. 0. 1. 0. 1. 1. 1. 1. 0. 1. 1. 1. 1. 0. 0. 0.]
[1. 0. 0. 0. 1. 0. 1. 1. 0. 0. 1. 1. 0. 1. 1. 1. 0. 1. 1. 0. 0. 0. 0. 0. 0. 1. 1. 0. 1. 1. 0. 0. 0. 0. 1. 1. 0. 0. 1. 1. 0. 1. 0. 1. 0. 1. 0. 1. 0. 0.]
[1. 1. 1. 1. 1. 1. 1. 0. 0. 1. 1. 0. 0. 0. 1. 0. 0. 1. 0. 1. 1. 1. 1. 1. 0. 1. 0. 0. 1. 0. 1. 1. 1. 0. 1. 0. 0. 0. 1. 1. 0. 0. 0. 1. 1. 0. 1. 0. 1. 0.]
[0. 0. 1. 0. 1. 1. 0. 0. 1. 0. 1. 1. 1. 1. 0. 0. 0. 0. 1. 0. 0. 0. 0. 0. 1. 1. 0. 1. 1. 0. 1. 1. 1. 1. 0. 1. 1. 1. 0. 0. 1. 0. 0. 0. 0. 0. 0. 1. 1. 1.]
[1. 1. 0. 0. 0. 1. 1. 1. 1. 0. 1. 1. 0. 0. 1. 0. 0. 1. 0. 1. 0. 0. 0. 1. 1. 0. 1. 1. 0. 0. 1. 1. 0. 1. 1. 1. 1. 1. 0. 0. 1. 0. 0. 0. 1. 1. 0. 1. 1. 0.]
[0. 0. 0. 1. 0. 1. 0. 1. 0. 1. 1. 1. 1. 1. 0. 1. 1. 0. 1. 1. 0. 0. 1. 0. 1. 1. 0. 1. 1. 0. 1. 1. 1. 1. 0. 1. 0. 0. 1. 1. 0. 0. 0. 0. 1. 0. 1. 0. 0. 0.]
[0. 0. 0. 0. 0. 1. 0. 1. 1. 1. 0. 1. 1. 1. 1. 1. 0. 0. 1. 0. 0. 0. 0. 0. 0. 0. 0. 0. 1. 1. 1. 1. 1. 0. 0. 1. 1. 0. 0. 0. 0. 0. 0. 0. 0. 1. 1. 1. 1. 0.]
[0. 0. 1. 0. 1. 1. 0. 0. 1. 1. 1. 0. 1. 1. 1. 0. 1. 1. 1. 1. 0. 1. 1. 1. 1. 0. 0. 1. 0. 1. 1. 0. 0. 0. 0. 0. 0. 0. 0. 0. 0. 0. 0. 1. 1. 0. 0. 1. 0. 0.]
[0. 1. 1. 1. 1. 1. 0. 1. 0. 1. 1. 0. 0. 1. 0. 1. 0. 0. 1. 0. 1. 1. 1. 1. 0. 1. 0. 1. 0. 0. 1. 1. 0. 0. 0. 1. 1. 1. 0. 0. 0. 0. 1. 0. 1. 0. 1. 1. 1. 1.]
[1. 0. 1. 1. 1. 0. 0. 1. 0. 0. 1. 1. 1. 1. 0. 1. 0. 0. 1. 0. 0. 1. 1. 1. 0. 1. 1. 0. 0. 0. 1. 0. 1. 1. 1. 1. 0. 1. 0. 1. 1. 0. 1. 1. 0. 1. 1. 0. 0. 0.]
[1. 0. 0. 0. 1. 1. 1. 0. 0. 1. 1. 0. 1. 0. 0. 1. 1. 1. 1. 1. 0. 0. 1. 1. 1. 0. 0. 1. 1. 0. 0. 1. 0. 1. 0. 1. 1. 0. 0. 1. 0. 1. 0. 0. 1. 0. 1. 1. 0. 0.]
[0. 0. 1. 1. 0. 1. 1. 0. 1. 1. 0. 0. 0. 0. 0. 1. 0. 0. 0. 1. 1. 1. 1. 0. 1. 0. 0. 1. 0. 0. 0. 0. 0. 1. 1. 1. 0. 1. 0. 0. 1. 1. 0. 1. 1. 1. 0. 0. 1. 0.]
[1. 0. 0. 1. 0. 1. 0. 1. 1. 1. 0. 1. 1. 0. 0. 0. 0. 0. 1. 0. 0. 0. 1. 1. 1. 1. 1. 0. 1. 0. 1. 0. 1. 0. 1. 0. 1. 0. 1. 1. 0. 1. 1. 1. 0. 1. 0. 0. 1. 1.]
[0. 0. 1. 0. 0. 0. 0. 0. 0. 1. 0. 1. 0. 1. 1. 1. 0. 0. 0. 0. 0. 0. 0. 1. 0. 0. 0. 0. 0. 1. 0. 1. 1. 1. 0. 0. 0. 1. 1. 1. 0. 1. 0. 1. 0. 0. 1. 1. 0. 1.]
[0. 1. 1. 1. 1. 1. 1. 1. 0. 0. 0. 1. 0. 1. 1. 0. 1. 1. 0. 1. 1. 0. 1. 0. 1. 0. 0. 0. 0. 0. 0. 1. 0. 1. 1. 0. 0. 0. 1. 0. 0. 0. 0. 1. 0. 0. 0. 1. 1. 0.]

Lista polaczen komunikacyjnych miedzy numerami ID poszczegolnych dzialow:
0 - 4
0 - 7
0 - 9
0 - 11
0 - 12
0 - 14
0 - 19
0 - 20
0 - 21
0 - 27
0 - 28
0 - 30
0 - 31
0 - 32
0 - 33
0 - 36
0 - 37
0 - 39
0 - 44
0 - 45
0 - 47
1 - 2
1 - 7
1 - 9
1 - 12
1 - 18
1 - 19
1 - 20
1 - 21
1 - 23
1 - 26
1 - 29
1 - 30
1 - 31
1 - 32
1 - 33
1 - 37
1 - 39
1 - 43
1 - 49
2 - 3
2 - 5
2 - 9
2 - 10
2 - 11
2 - 14
2 - 15
2 - 16
2 - 17
2 - 20
2 - 27
2 - 30
2 - 33
2 - 35
2 - 37
2 - 38
2 - 42
2 - 43
2 - 44
2 - 46
2 - 48
2 - 49
3 - 6
3 - 10
3 - 13
3 - 14
3 - 15
3 - 16
3 - 17
3 - 18
3 - 19
3 - 20
3 - 21
3 - 23
3 - 25
3 - 27
3 - 28
3 - 30
3 - 34
3 - 35
3 - 37
3 - 40
3 - 43
3 - 44
3 - 46
3 - 47
3 - 49
4 - 5
4 - 9
4 - 10
4 - 11
4 - 13
4 - 14
4 - 15
4 - 17
4 - 18
4 - 21
4 - 23
4 - 24
4 - 25
4 - 28
4 - 30
4 - 31
4 - 32
4 - 36
4 - 37
4 - 38
4 - 42
4 - 43
4 - 44
4 - 45
4 - 49
5 - 7
5 - 8
5 - 9
5 - 12
5 - 13
5 - 17
5 - 20
5 - 22
5 - 24
5 - 26
5 - 28
5 - 30
5 - 35
5 - 37
5 - 38
5 - 39
5 - 40
5 - 41
5 - 42
5 - 43
5 - 45
5 - 46
5 - 47
5 - 49
6 - 8
6 - 9
6 - 11
6 - 12
6 - 13
6 - 15
6 - 19
6 - 24
6 - 29
6 - 30
6 - 32
6 - 36
6 - 37
6 - 39
6 - 45
6 - 46
6 - 49
7 - 11
7 - 15
7 - 16
7 - 17
7 - 18
7 - 20
7 - 21
7 - 22
7 - 25
7 - 27
7 - 29
7 - 31
7 - 32
7 - 33
7 - 36
7 - 39
7 - 40
7 - 41
7 - 43
7 - 44
7 - 47
7 - 49
8 - 9
8 - 10
8 - 11
8 - 16
8 - 18
8 - 23
8 - 25
8 - 26
8 - 27
8 - 28
8 - 30
8 - 31
8 - 34
8 - 38
8 - 39
8 - 41
8 - 42
8 - 46
8 - 47
9 - 11
9 - 13
9 - 14
9 - 15
9 - 17
9 - 22
9 - 23
9 - 25
9 - 29
9 - 30
9 - 32
9 - 34
9 - 35
9 - 37
9 - 40
9 - 41
9 - 42
9 - 43
9 - 45
9 - 46
9 - 47
9 - 48
10 - 12
10 - 13
10 - 14
10 - 18
10 - 19
10 - 20
10 - 23
10 - 24
10 - 26
10 - 27
10 - 28
10 - 29
10 - 30
10 - 31
10 - 32
10 - 35
10 - 36
10 - 37
10 - 38
10 - 39
10 - 40
10 - 42
10 - 43
10 - 44
10 - 45
11 - 12
11 - 13
11 - 14
11 - 17
11 - 19
11 - 21
11 - 22
11 - 23
11 - 24
11 - 25
11 - 26
11 - 27
11 - 31
11 - 33
11 - 35
11 - 36
11 - 38
11 - 39
11 - 40
11 - 41
11 - 44
11 - 47
11 - 48
11 - 49
12 - 13
12 - 15
12 - 16
12 - 17
12 - 20
12 - 21
12 - 24
12 - 26
12 - 30
12 - 31
12 - 32
12 - 33
12 - 34
12 - 38
12 - 40
12 - 41
12 - 42
12 - 44
12 - 45
12 - 47
13 - 14
13 - 16
13 - 19
13 - 22
13 - 23
13 - 24
13 - 25
13 - 28
13 - 29
13 - 30
13 - 36
13 - 38
13 - 40
13 - 41
13 - 42
13 - 43
13 - 44
13 - 48
13 - 49
14 - 18
14 - 24
14 - 26
14 - 28
14 - 30
14 - 34
14 - 36
14 - 37
14 - 39
14 - 41
14 - 42
14 - 48
14 - 49
15 - 16
15 - 17
15 - 18
15 - 19
15 - 23
15 - 25
15 - 26
15 - 27
15 - 29
15 - 30
15 - 32
15 - 36
15 - 40
15 - 41
15 - 43
15 - 44
15 - 45
15 - 46
15 - 48
16 - 19
16 - 23
16 - 24
16 - 29
16 - 30
16 - 33
16 - 35
16 - 40
16 - 42
16 - 45
16 - 49
17 - 18
17 - 20
17 - 22
17 - 24
17 - 26
17 - 27
17 - 28
17 - 32
17 - 34
17 - 36
17 - 37
17 - 39
17 - 42
17 - 45
17 - 49
18 - 21
18 - 22
18 - 25
18 - 26
18 - 27
18 - 31
18 - 36
18 - 38
18 - 40
18 - 41
18 - 42
18 - 43
18 - 44
18 - 45
18 - 47
19 - 21
19 - 23
19 - 24
19 - 27
19 - 30
19 - 31
19 - 32
19 - 33
19 - 34
19 - 35
19 - 37
19 - 39
19 - 40
19 - 42
19 - 45
19 - 46
19 - 49
20 - 22
20 - 23
20 - 24
20 - 26
20 - 27
20 - 28
20 - 30
20 - 31
20 - 33
20 - 37
20 - 43
20 - 46
20 - 49
21 - 22
21 - 24
21 - 27
21 - 28
21 - 31
21 - 34
21 - 35
21 - 37
21 - 42
21 - 43
21 - 44
21 - 46
22 - 24
22 - 27
22 - 28
22 - 31
22 - 32
22 - 37
22 - 40
22 - 42
22 - 43
22 - 44
22 - 45
22 - 46
22 - 47
22 - 49
23 - 26
23 - 28
23 - 30
23 - 33
23 - 34
23 - 35
23 - 37
23 - 39
23 - 42
23 - 43
23 - 44
23 - 45
23 - 47
23 - 48
24 - 27
24 - 28
24 - 29
24 - 30
24 - 31
24 - 32
24 - 34
24 - 38
24 - 39
24 - 40
24 - 42
24 - 45
24 - 46
24 - 47
24 - 49
25 - 26
25 - 27
25 - 28
25 - 29
25 - 30
25 - 31
25 - 35
25 - 36
25 - 37
25 - 38
25 - 40
25 - 43
25 - 44
25 - 47
26 - 27
26 - 32
26 - 33
26 - 34
26 - 36
26 - 39
26 - 44
26 - 47
27 - 28
27 - 29
27 - 30
27 - 32
27 - 35
27 - 38
27 - 39
27 - 40
27 - 42
27 - 43
27 - 45
27 - 46
28 - 30
28 - 32
28 - 33
28 - 35
28 - 36
28 - 37
28 - 38
28 - 40
28 - 41
28 - 45
28 - 47
29 - 31
29 - 32
29 - 33
29 - 34
29 - 35
29 - 36
29 - 41
29 - 42
29 - 48
30 - 31
30 - 33
30 - 34
30 - 37
30 - 38
30 - 39
30 - 40
30 - 41
30 - 42
30 - 43
30 - 44
30 - 47
31 - 33
31 - 35
31 - 37
31 - 38
31 - 39
31 - 40
31 - 41
31 - 43
31 - 45
31 - 48
31 - 49
32 - 34
32 - 37
32 - 38
32 - 40
32 - 41
32 - 44
32 - 47
32 - 48
33 - 38
33 - 39
33 - 40
33 - 44
33 - 45
33 - 46
33 - 48
33 - 49
34 - 36
34 - 37
34 - 39
34 - 44
34 - 46
34 - 47
34 - 49
35 - 36
35 - 38
35 - 39
35 - 40
35 - 41
35 - 43
35 - 44
35 - 45
35 - 46
36 - 38
36 - 39
36 - 41
36 - 43
36 - 45
36 - 47
37 - 38
37 - 39
37 - 43
37 - 44
37 - 46
37 - 48
38 - 40
38 - 47
38 - 48
38 - 49
39 - 40
39 - 44
39 - 45
39 - 47
39 - 48
40 - 44
40 - 46
41 - 45
41 - 46
41 - 47
41 - 48
42 - 43
42 - 44
42 - 47
43 - 44
43 - 46
43 - 47
43 - 48
43 - 49
44 - 45
44 - 46
45 - 46
45 - 47
46 - 48
47 - 48
47 - 49
48 - 49
